1019,60114000,1,0,0
1019,130119000,2,0,0
1019,901301000,3,0,0
1019,900912000,4,0,0
1019,120303000,5,1,1
1029,120303000,1,0,0
1029,9013000,2,0,0
1029,900912000,3,0,0
1029,901301000,4,0,0
1029,130119000,5,0,0
1029,60114000,6,1,1
2019,232020000,1,0,0
2019,1524000,2,0,0
2019,900816200,3,0,0
2019,902306000,4,0,0
2019,901502200,5,0,0
2019,62403000,6,0,0
2019,900303000,7,0,0
2019,901412000,8,0,0
2019,900107000,9,0,0
2019,60114000,10,0,0
2019,130119000,11,1,1
2029,130119000,1,0,0
2029,60114000,2,0,0
2029,900107000,3,0,0
2029,901412000,4,0,0
2029,900303000,5,0,0
2029,62403000,6,0,0
2029,901502000,7,0,0
2029,902306000,8,0,0
2029,900816000,9,0,0
2029,1524000,10,0,0
2029,232020000,11,1,1
3019,901908000,1,0,0
3019,900126000,2,0,0
3019,902315050,3,0,0
3019,900516050,4,0,0
3019,902303050,5,0,0
3019,62403000,6,1,1
3029,62403000,1,0,0
3029,902303050,2,0,0
3029,902316230,3,0,0
3029,902315190,4,0,0
3029,902208000,5,0,0
3029,900713000,6,0,0
3029,901908000,7,1,1
